86.0948905109489
94.78102189781022
36.924087591240884
161.58759124087592
92.57299270072993
64.12043795620438
10.102189781021897
39.03649635036496
-0.27408759124087567
24.624817518248125
0.7688321167883205
7.3972262773722655
40.97810218978102
93.38394160583947
445.007299270073
19.78832116788321
57.21897810218978
3.2872992700729933
107.3905109489051
1.6521897810218957
115.93795620437956
2.2075182481751816
2.0598540145985402
3.5416058394160603
4.2660583941605825
2.2613138686131404
2.382627737226284
31.03430656934307
13.930656934306572
34.7824817518248
15.452554744525553
389.992700729927
84.12408759124088
63.67883211678832
0.23357664233576642
0.26277372262773724
0.7372262773722628
-16.14240875912408
53.46715328467153
0.18248175182481752
